biquad1,
b0=0.998806185123800,
b1=-1.995206537325895,
b2=0.996407189686629,
a1=1.995206537325895,
a2=-0.995213374810429,
biquad2,
b0=0.998661560780939,
b1=-1.994425541819511,
b2=0.995971939765593,
a1=1.994425541819511,
a2=-0.994633500546532,
biquad3,
b0=0.998806185134288,
b1=-1.995206537367946,
b2=0.996407189718192,
a1=1.995206537367946,
a2=-0.995213374852480
