biquad1,
b0=0.999604862408580,
b1=-1.998157798669569,
b2=0.998810825328149,
a1=1.998157798669569,
a2=-0.998415687736728,
biquad2,
b0=0.999789760652378,
b1=-1.999055489270042,
b2=0.999367280378666,
a1=1.999055489270042,
a2=-0.999157041031044,
biquad3,
b0=0.999703168509582,
b1=-1.998781598859449,
b2=0.999106679551941,
a1=1.998781598859449,
a2=-0.998809848061523
