biquad1,
b0=0.992373930551347,
b1=-1.981202452340258,
b2=0.989075039003847,
a1=1.981202452340258,
a2=-0.981448969555194,
biquad2,
b0=0.996855756070605,
b1=-1.992341744948090,
b2=0.995495616382420,
a1=1.992341744948090,
a2=-0.992351372453025,
biquad3,
b0=0.996855756106683,
b1=-1.992341745036013,
b2=0.995495616434106,
a1=1.992341745036013,
a2=-0.992351372540789
