biquad1,
b0=0.999177307399042,
b1=-1.997223950413899,
b2=0.998282138591431,
a1=1.997223950413899,
a2=-0.997459445990473,
biquad2,
b0=0.999670354664585,
b1=-1.999074709398989,
b2=0.999438087560916,
a1=1.999074709398989,
a2=-0.999108442225501,
biquad3,
b0=0.999597299507225,
b1=-1.998682501368867,
b2=0.999189304952862,
a1=1.998682501368867,
a2=-0.998786604460087
